desc: I1 cache:         32768 B, 64 B, 8-way associative
desc: D1 cache:         32768 B, 64 B, 8-way associative
desc: LL cache:         6291456 B, 64 B, 24-way associative
cmd: ./a.out
events: Ir I1mr ILmr Dr D1mr DLmr Dw D1mw DLmw 
fl=/yossarian1/jpal8929/conductance/conductance.c
fn=fixboundary
97 397188 8 8 99828 0 0 20709 531 0
98 4779 1 1 0 0 0 4248 531 0
100 18054 0 0 9027 0 0 0 0 0
102 80181 1 1 39825 0 0 0 0 0
104 1577601 0 0 796500 129254 0 270810 0 0
105 2357640 1 1 1051380 129998 0 525690 0 0
106 2341710 1 1 1051380 124304 0 525690 0 0
107 3176973 2 2 1083240 123131 0 525690 0 0
111 106200 0 0 0 0 0 0 0 0
115 2389500 7 7 1593000 55224 0 796500 0 0
116 2442600 7 7 1593000 173637 0 796500 0 0
117 2389500 6 6 1593000 55755 0 796500 0 0
118 2442600 5 5 1593000 172575 0 796500 0 0
122 3717 0 0 3717 531 0 0 0 0
fn=main
221 1064 1 1 0 0 0 532 0 0
222 3192 0 0 1064 1064 0 532 0 0
223 3722 0 0 1064 532 0 1064 531 0
244 425862 0 0 1062 531 0 0 0 0
245 2 1 1 0 0 0 1 0 0
246 2 0 0 0 0 0 1 0 0
247 4 1 1 0 0 0 1 0 0
248 2 0 0 0 0 0 1 0 0
249 1596 0 0 532 532 0 0 0 0
252 106200 0 0 0 0 0 0 0 0
256 10726201 1 1 2655000 301967 0 2655000 332406 0
fn=randinit
56 201 0 0 0 0 0 0 0 0
57 4 1 1 0 0 0 3 0 0
58 5 1 1 0 0 0 2 0 0
59 200 0 0 0 0 0 0 0 0
61 20000 0 0 0 0 0 0 0 0
63 110000 1 1 30000 2 0 20000 626 0
66 4 0 0 4 1 0 0 0 0
fn=setup
25 745 0 0 477 1 1 267 0 0
26 10040 4 4 2170 3 3 2377 0 0
28 1906 1 1 952 0 0 0 0 0
31 7 1 1 2 0 0 0 0 0
35 14889 1 1 4963 3 3 2836 1 1
40 38 1 1 1 0 0 1 0 0
41 94 0 0 0 0 0 0 0 0
43 2883 0 0 0 0 0 0 0 0
45 4805 1 1 0 0 0 0 0 0
47 709 0 0 0 0 0 0 0 0
48 2738 2 2 1369 1 1 0 0 0
49 2836 0 0 709 0 0 709 0 0
197 806 0 0 0 0 0 0 0 0
198 211 1 1 0 0 0 210 0 0
199 1 1 1 0 0 0 1 1 1
201 1 0 0 0 0 0 1 0 0
202 2 0 0 0 0 0 0 0 0
204 4 0 0 0 0 0 2 1 1
205 1 0 0 0 0 0 1 0 0
206 5 1 1 0 0 0 2 0 0
207 542 1 1 0 0 0 0 0 0
209 1080 0 0 0 0 0 540 270 22
210 1350 0 0 810 538 0 270 270 0
213 4 0 0 0 0 0 2 1 1
214 4 0 0 0 0 0 2 1 1
215 1 0 0 0 0 0 1 1 0
217 6 0 0 5 1 1 0 0 0
fn=step1
80 65300228 0 0 0 0 0 0 0 0
83 2024307058 0 0 0 0 0 0 0 0
86 2941571196 0 0 980523732 33432 0 0 0 0
88 299972904 0 0 49995484 7972910 0 49995484 0 0
92 6513697736 0 0 930528248 38668250 0 930528248 0 0
124 25222500 2 2 0 0 0 0 0 0
127 139005399 5 5 6372 2124 0 0 0 0
128 5852 1 1 0 0 0 4788 1063 0
129 1596 0 0 1596 529 0 0 0 0
130 3724 1 1 0 0 0 2128 1064 0
131 2128 0 0 0 0 0 532 0 0
132 719735 3 3 288958 128140 0 0 0 0
135 1215405 0 0 428652 77241 24 0 0 0
136 285768 1 1 142884 65759 0 0 0 0
137 3572100 2 2 571536 134908 0 1285956 144067 0
138 2429028 0 0 714420 75445 1 571536 0 0
140 6345841 1 1 1978809 327780 195 0 0 0
142 1020317 0 0 1020317 0 0 0 0 0
147 3186 0 0 0 0 0 2124 286 0
148 107262 0 0 0 0 0 0 0 0
154 11950686 2 2 7966593 1090143 0 0 0 0
155 17257500 0 0 0 0 0 0 0 0
157 21558600 2 2 0 0 0 2655000 331875 0
161 266031 1 1 531 531 0 0 0 0
163 10620000 0 0 0 0 0 0 0 0
165 15930000 1 1 10620000 332937 0 0 0 0
168 23724 0 0 0 0 0 11862 1164 357
169 5315366 0 0 0 0 0 5931 5607 0
170 5931 0 0 0 0 0 0 0 0
172 42432552 0 0 10608138 531 0 5304069 531 0
174 1130 0 0 0 0 0 565 559 0
179 108324 1 1 0 0 0 0 0 0
182 83844 1 1 27081 3771 0 0 0 0
184 1506718 0 0 307229 59977 0 0 0 0
187 1400740 0 0 280148 0 0 280148 75887 0
191 1062 0 0 0 0 0 531 175 31
193 4248 0 0 3717 702 0 0 0 0
fl=/yossarian1/jpal8929/sources/valgrind-3.8.1/coregrind/m_trampoline.S
fn=vgPlain_amd64_linux_REDIR_FOR_vtime
186 1 1 1 0 0 0 0 0 0
187 1 0 0 0 0 0 0 0 0
188 1 0 0 1 0 0 0 0 0
fl=???
fn=(below main)
0 54 4 4 16 1 0 16 0 0
fn=???
0 5889557 25 23 5889434 74604 4 40 2 1
fn=__cxa_atexit
0 23 2 2 5 0 0 8 0 0
fn=__default_morecore
0 462 1 1 66 0 0 66 0 0
fn=__ieee754_exp
0 48207800 8 8 9756340 793070 439 2295610 0 0
fn=__init_misc
0 24 2 2 7 0 0 5 1 1
fn=__libc_csu_init
0 25 3 3 7 0 0 7 0 0
fn=__libc_global_ctors
0 12 2 2 4 1 1 2 0 0
fn=__libc_memalign
0 871 4 4 216 0 0 159 1 1
fn=__new_exitfn
0 36 5 5 9 5 5 3 0 0
fn=__register_atfork
0 49 4 4 11 4 3 12 0 0
fn=__sigjmp_save
0 9 1 1 2 0 0 2 0 0
fn=__sigsetjmp
0 95 4 4 29 0 0 48 1 1
fn=_dl_add_to_slotinfo
0 24 3 3 9 2 0 6 0 0
fn=_dl_addr
0 51251 11 11 13391 973 781 16 1 0
fn=_dl_allocate_tls_init
0 73 6 6 28 1 0 15 1 1
fn=_dl_allocate_tls_storage
0 36 3 3 8 0 0 9 0 0
fn=_dl_cache_libcmp
0 1818 4 4 259 20 20 0 0 0
fn=_dl_catch_error
0 180 4 4 60 0 0 85 6 6
fn=_dl_check_all_versions
0 94 3 3 15 0 0 9 0 0
fn=_dl_check_map_versions
0 1255 14 14 446 7 7 174 10 10
fn=_dl_debug_initialize
0 66 3 3 18 3 2 4 0 0
fn=_dl_debug_state
0 2 0 0 2 0 0 0 0 0
fn=_dl_determine_tlsoffset
0 57 5 5 11 0 0 8 0 0
fn=_dl_fixup
0 520 5 5 208 50 19 56 2 0
fn=_dl_important_hwcaps
0 279 14 14 63 0 0 41 3 3
fn=_dl_init
0 83 3 3 21 2 0 13 0 0
fn=_dl_init_paths
0 418 13 13 69 1 1 46 3 3
fn=_dl_initial_error_catch_tsd
0 12 1 1 6 0 0 0 0 0
fn=_dl_load_cache_lookup
0 623 14 14 132 22 22 43 0 0
fn=_dl_lookup_symbol_x
0 22370 12 12 4566 107 95 2609 15 3
fn=_dl_map_object
0 835 24 24 194 0 0 142 6 6
fn=_dl_map_object_deps
0 1664 33 33 357 2 2 133 2 2
fn=_dl_map_object_from_fd
0 2498 45 45 574 25 25 268 34 34
fn=_dl_name_match_p
0 2155 1 1 601 13 4 346 1 1
fn=_dl_new_object
0 790 13 13 181 6 6 158 24 24
fn=_dl_next_ld_env_entry
0 314 2 2 108 24 24 3 0 0
fn=_dl_next_tls_modid
0 6 2 2 3 0 0 1 0 0
fn=_dl_receive_error
0 28 2 2 10 0 0 12 0 0
fn=_dl_relocate_object
0 11052 35 35 3295 220 184 1255 27 22
fn=_dl_runtime_resolve
0 200 2 2 72 0 0 64 2 0
fn=_dl_setup_hash
0 102 3 3 34 5 5 24 0 0
fn=_dl_start
0 377 13 13 35 11 10 38 14 14
fn=_dl_sysdep_read_whole_file
0 41 4 4 6 0 0 9 0 0
fn=_dl_sysdep_start
0 373 10 10 96 15 14 23 4 4
fn=_dl_sysdep_start_cleanup
0 1 0 0 1 0 0 0 0 0
fn=_dl_unload_cache
0 10 0 0 3 0 0 2 0 0
fn=_fxstat
0 48 2 2 4 0 0 0 0 0
fn=_init
0 29 3 3 9 1 0 8 3 3
fn=_int_free
0 1144 13 13 286 0 0 208 13 1
fn=_int_malloc
0 43688 52 52 7354 1179 8 6266 1189 306
fn=_setjmp
0 2 1 1 0 0 0 0 0 0
fn=_xstat
0 60 1 1 4 0 0 3 0 0
fn=access
0 11 1 1 1 0 0 1 0 0
fn=brk
0 842 3 3 146 13 1 80 13 1
fn=bsearch
0 1382 3 3 239 0 0 178 1 1
fn=call_init
0 206 5 5 84 6 0 39 0 0
fn=calloc
0 21495 9 9 5500 2501 0 2200 0 0
fn=check_match.8509
0 26022 5 5 9370 66 49 4131 1 1
fn=close
0 20 0 0 4 0 0 0 0 0
fn=decompose_rpath
0 311 3 3 42 0 0 11 0 0
fn=dl_main
0 1066 67 67 229 28 21 139 17 17
fn=do_lookup_x
0 60579 16 16 17622 263 189 6308 13 7
fn=exp
0 15495408 3 3 5739040 268256 6 3443424 0 0
fn=expand_dynamic_string_token
0 56 2 2 8 0 0 14 0 0
fn=fillin_rpath
0 420 12 12 153 0 0 80 2 2
fn=finite
0 4017328 1 1 573904 0 0 573904 0 0
fn=free
0 5 1 1 2 0 0 0 0 0
fn=getpagesize
0 6 1 1 3 0 0 0 0 0
fn=handle_intel
0 118 4 4 17 0 0 30 0 0
fn=index
0 974 11 11 83 7 6 0 0 0
fn=init_cacheinfo
0 109 7 7 4 0 0 9 3 3
fn=init_tls
0 68 3 3 16 0 0 13 1 1
fn=intel_02_known_compare
0 586 1 1 222 16 16 0 0 0
fn=intel_check_word
0 415 4 4 47 0 0 68 2 1
fn=malloc
0 138 7 7 19 3 1 7 0 0
fn=malloc_consolidate
0 796 4 4 12 0 0 263 34 32
fn=malloc_hook_ini
0 8 1 1 2 0 0 3 0 0
fn=map_doit
0 15 1 1 6 0 0 4 0 0
fn=match_symbol
0 301 3 3 112 7 7 45 0 0
fn=memcpy
0 674 6 6 105 0 0 86 11 11
fn=mempcpy
0 1456 6 6 197 2 1 135 6 6
fn=memset
0 8702025 20 20 6709 6692 10 5767919 1442747 319989
fn=mmap
0 150 2 2 25 0 0 0 0 0
fn=mprotect
0 30 1 1 6 0 0 0 0 0
fn=munmap
0 5 0 0 1 0 0 0 0 0
fn=open
0 273 1 1 27 0 0 23 0 0
fn=open_path
0 1367 12 12 536 0 0 165 1 1
fn=open_verify
0 1291 10 10 413 5 5 295 6 6
fn=openaux
0 84 2 2 32 0 0 16 1 1
fn=process_envvars
0 375 13 13 89 5 5 15 2 2
fn=ptmalloc_init
0 338 9 9 110 41 2 21 7 4
fn=random
0 90339173 3 3 31884414 1062 0 5314069 0 0
fn=random_r
0 138002423 3 3 42515032 2124 0 21257516 0 0
fn=read
0 15 1 1 3 0 0 0 0 0
fn=rindex
0 22 2 2 3 0 0 4 1 1
fn=rtld_lock_default_lock_recursive
0 2 0 0 2 0 0 0 0 0
fn=rtld_lock_default_unlock_recursive
0 2 0 0 2 1 0 0 0 0
fn=sbrk
0 1505 5 5 467 196 2 200 64 0
fn=srand
0 17 2 2 5 2 1 1 0 0
fn=srandom_r
0 2476 5 5 9 1 0 347 3 2
fn=strcmp
0 15469 1 1 4893 46 26 0 0 0
fn=strlen
0 1270 5 5 148 0 0 0 0 0
fn=strsep
0 1926 2 2 631 1 1 7 0 0
fn=time
0 5 1 1 1 0 0 1 0 0
fn=uname
0 5 1 1 1 0 0 0 0 0
fn=version_check_doit
0 10 1 1 4 0 0 2 0 0
summary: 12495372302 822 820 2105660964 51396413 2259 1037071946 2341750 320951
